1.00 0.22 0.32 -0.11 0.30 -0.28 -0.33 0.46 -0.25 0.30 -0.10 -0.08
0.22 1.00 -0.38 -0.20 0.38 -0.35 -0.41 0.27 0.26 0.23 -0.04 -0.27
0.32 -0.38 1.00 0.14 0.04 0.13 0.20 0.10 -0.33 0.06 -0.01 0.09
-0.11 -0.20 0.14 1.00 -0.13 0.40 0.50 0.55 -0.27 -0.19 -0.36 -0.04
0.30 0.38 0.04 -0.13 1.00 -0.20 -0.28 0.36 0.04 0.40 -0.26 -0.20
-0.28 -0.35 0.13 0.40 -0.20 1.00 0.72 0.03 -0.15 -0.19 -0.18 0.06
-0.33 -0.41 0.20 0.50 -0.28 0.72 1.00 0.03 -0.24 -0.28 -0.27 -0.04
0.46 0.27 0.10 0.55 0.36 0.03 0.03 1.00 0.01 0.26 -0.69 -0.31
-0.25 0.26 -0.33 -0.27 0.04 -0.15 -0.24 0.01 1.00 0.19 0.12 0.02
0.30 0.23 0.06 -0.19 0.40 -0.19 -0.28 0.26 0.19 1.00 0.00 0.04
-0.10 -0.04 -0.01 -0.36 -0.26 -0.18 -0.27 -0.69 0.12 0.00 1.00 0.44
-0.08 -0.27 0.09 -0.04 -0.20 0.06 -0.04 -0.31 0.02 0.04 0.44 1.00